CACHE type 5 produced by analog 6.0/Unix. Do not modify or delete!
T	0	0	23	4	13	27	225721
D	29298747	29302973
20346	101	1	0	5041
20346	107	1	0	5041
20346	118	1	0	64
20346	154	1	0	64
20346	156	1	0	5041
20346	190	1	0	64
20346	226	1	0	64
20346	262	1	0	64
20347	10	1	0	64
20347	46	1	0	64
20347	49	1	1	447
20347	75	5	3	179677
20347	86	1	0	5041
20347	114	1	0	5041
20347	115	1	0	5041
20347	186	1	0	5041
20348	48	1	0	4931
20348	194	2	0	4931
1	0	0	0	1	0	0	29301173	0	0	29301173	0	/.well-known/acme-challenge/PDYPLJTA34N2KK4M_WTICHH4O8R-M5WQ
1	0	0	0	1	0	0	29301713	0	0	29301713	0	/.well-known/acme-challenge/4OPX31BWD08RO62Z2BSP78Y2NNYUH5TT?205.169.39.14
1	1	1	0	0	29300057	0	0	29300057	0	0	67751	/contacts/
1	0	0	0	1	0	0	29302613	0	0	29302613	0	/.well-known/acme-challenge/P4JV6B08H_U2GT1T-SCA9144HZEI5R13
1	0	0	1	0	0	29300254	0	0	29300254	0	0	/?205.169.39.14
1	0	0	0	1	0	0	29300057	0	0	29300057	0	/api/template/1
1	1	0	0	0	29299013	0	0	29299013	0	0	64	/.well-known/acme-challenge/J2I6UPOVE4VHAFMS2HZOZIRGLEUWS1NC
1	1	1	10	2	29299925	29302093	29300008	29299925	29298747	29299857	447	/
1	1	0	0	0	29299733	0	0	29299733	0	0	64	/.well-known/acme-challenge/XU9YBQ0UNNU_01R_8J0WEVU9N66N38EL
1	0	0	0	1	0	0	29300093	0	0	29300093	0	/.well-known/acme-challenge/VX7J10V9WXR-MKC0CHVH97SAQLOC_9WK
1	1	0	0	0	29298833	0	0	29298833	0	0	64	/.well-known/acme-challenge/K_JPNT5VYVP0-VZTB27Y1ZXF1QTFIREK
1	0	0	0	1	0	0	29301893	0	0	29301893	0	/.well-known/acme-challenge/M-ZW9UBW9TJCZQU78DVTBU4VJ6UOPHV8
1	0	0	0	1	0	0	29302973	0	0	29302973	0	/.well-known/acme-challenge/-F28LWDNNFB1CJ2CCLNWDIXNXC1JPQXY
1	0	0	0	1	0	0	29302793	0	0	29302793	0	/.well-known/acme-challenge/JIW723TJ0F08ZJWBJK7VK_QZ3GG_V0KR
1	0	0	0	4	0	0	29300610	0	0	29298778	0	/favicon.ico
1	0	0	0	1	0	0	29300453	0	0	29300453	0	/.well-known/acme-challenge/BJLBVL6F_C1UYVA0S94ORSY2S_-HWND_
1	1	0	0	0	29299553	0	0	29299553	0	0	64	/.well-known/acme-challenge/G71XKLONHBVRN7A74K3IU2-4642V1KPP
1	0	0	0	1	0	0	29302073	0	0	29302073	0	/.well-known/acme-challenge/Z0-OHJUKUERXUGXL4ON03E3AX33-41JG
1	1	0	0	1	29300057	0	29300057	29300057	0	29300057	44438	/dashboard
1	0	0	0	1	0	0	29301353	0	0	29301353	0	/.well-known/acme-challenge/_8-0WTBBY_-9TFPTOGV3CO43QAYK52F4
1	0	0	0	1	0	0	29300993	0	0	29300993	0	/.well-known/acme-challenge/KY_DCU_OV0-8VFXHZBB5GQE2NXTY3AZG
1	1	1	0	0	29300057	0	0	29300057	0	0	31475	/templates/
1	0	0	0	1	0	0	29300813	0	0	29300813	0	/.well-known/acme-challenge/N2KAXU8J12RUNW0-ZBRV64R40Q7XJ01G
1	1	0	0	0	29299193	0	0	29299193	0	0	64	/.well-known/acme-challenge/XBE_JXXLFQV15A611EN9G2MSVR7XEKIX
1	0	0	0	1	0	0	29302433	0	0	29302433	0	/.well-known/acme-challenge/IJ3K-O-EFYG198W3LET964PRYD12SXE8
1	1	1	0	0	29300057	0	0	29300057	0	0	30972	/campaigns/
1	0	0	0	1	0	0	29298824	0	0	29298824	0	/.env
1	0	0	0	1	0	0	29302253	0	0	29302253	0	/.well-known/acme-challenge/Q39UWIE3MOSYF4MZDNK6CGB7VFZ_Z7IG
1	0	0	0	1	0	0	29300273	0	0	29300273	0	/.well-known/acme-challenge/SIKICYQI9H8VPIKH5MAGXX1BZRZZ8GW9
1	0	0	0	1	0	0	29301533	0	0	29301533	0	/.well-known/acme-challenge/ST7RQOR5IHWZFRMEBDZAF7FBGXMQSSMQ
1	0	0	0	1	0	0	29300633	0	0	29300633	0	/.well-known/acme-challenge/U_VZKRN__-5CJV_-WGL0PV8I5OH1RF0W
1	1	0	0	0	29299373	0	0	29299373	0	0	64	/.well-known/acme-challenge/DJ5ON8CAWV982QWU6J7IBAC70F8OUSV2
1	11	0	2	1	29302093	29300057	29299983	29298747	29300057	29299983	50190	/login
1	1	0	0	0	29299913	0	0	29299913	0	0	64	/.well-known/acme-challenge/98IEDE0U50K2J_L6X1ZN2L6Q18QGB6X0
3	0	0	0	1	0	0	29300610	0	0	29300610	0	http://marketing.savety.online/login
3	6	0	0	0	29302093	0	0	29298747	0	0	25095	http://marketing.savety.online/
4	1	0	1	0	29301361	29301361	0	29301361	29301361	0	4931	Mozilla/5.0(Linux;Android5.1.1;SAMSUNGSM-G928TBuild/LMY47X)AppleWebKit/537.36(KHTML,likeGecko)SamsungBrowser/3.4Chrome/42.0.2311.107MobileSafari/537.36
4	0	0	0	2	0	0	29299857	0	0	29299857	0	Mozilla/5.0 (Windows NT 10.0; Win64; x64) AppleWebKit/537.36 (KHTML, like Gecko) Chrome/94.0.4606.61 Safari/537.36
4	2	0	2	2	29300257	29300257	29300257	29298778	29298778	29298778	10082	Mozilla/5.0 (compatible; CensysInspect/1.1; +https://about.censys.io/)
4	4	0	4	1	29300254	29300254	29300008	29298747	29298747	29300008	20164	Mozilla/5.0 (compatible; CMS-Checker/1.0; +https://example.com)
4	0	0	0	1	0	0	29298824	0	0	29298824	0	Mozilla/5.0 (X11; Linux x86_64; rv:109.0) Gecko/20100101 Firefox/116.0
4	1	0	1	1	29300610	29300610	29300610	29300610	29300610	29300610	5041	Mozilla/5.0 (X11; Linux x86_64; rv:139.0) Gecko/20100101 Firefox/139.0
4	5	3	3	2	29300057	29300057	29300057	29300057	29300056	29300057	179677	curl/7.68.0
4	1	0	1	0	29302093	29302093	0	29302093	29302093	0	4931	Mozilla/5.0 (X11; Linux x86_64; rv:120.0) Gecko/20100101 Firefox/120.0
4	1	1	0	0	29299925	0	0	29299925	0	0	447	Mozilla/5.0 (Windows NT 6.1; WOW64) AppleWebKit/537.36 (KHTML, like Gecko) Chrome/38.0.2125.122 BIDUBrowser/7.5 Safari/537.36
4	7	0	0	17	29299913	0	29302973	29298833	0	29300093	448	Cpanel-HTTP-Client/1.0
4	0	0	0	1	0	0	29299983	0	0	29299983	0	Mozilla/5.0 (Windows NT 10.0; Win64; x64) AppleWebKit/537.36 (KHTML, like Gecko) Chrome/117.0.5938.132 Safari/537.36
4	1	0	1	0	29302093	29302093	0	29302093	29302093	0	0	Mozilla/5.0 (Macintosh; Intel Mac OS X 10_14_6) AppleWebKit/605.1.15 (KHTML, like Gecko) Version/16.6 Safari/605.1.15
5	1	0	1	0	29300254	29300254	0	29300254	29300254	0	5041	34.125.173.127
5	0	0	0	1	0	0	29300008	0	0	29300008	0	34.123.96.170
5	1	0	1	1	29298778	29298778	29298778	29298778	29298778	29298778	5041	199.45.154.122
5	1	1	0	0	29299925	0	0	29299925	0	0	447	91.184.244.208
5	1	0	1	0	29298747	29298747	0	29298747	29298747	0	5041	34.148.225.113
5	12	3	3	19	29300057	29300057	29302973	29298833	29300056	29300057	180125	86.48.19.194
5	0	0	0	1	0	0	29299857	0	0	29299857	0	45.90.60.11
5	1	0	1	0	29299023	29299023	0	29299023	29299023	0	5041	34.170.54.225
5	0	0	0	1	0	0	29299857	0	0	29299857	0	176.53.217.44
5	1	0	1	0	29300110	29300110	0	29300110	29300110	0	5041	35.238.14.74
5	0	0	0	1	0	0	29298824	0	0	29298824	0	196.251.70.47
5	1	0	1	1	29300257	29300257	29300257	29300257	29300257	29300257	5041	206.168.34.209
5	1	0	1	0	29301361	29301361	0	29301361	29301361	0	4931	62.113.113.43
5	0	0	0	1	0	0	29299983	0	0	29299983	0	205.169.39.14
5	1	0	1	1	29300610	29300610	29300610	29300610	29300610	29300610	5041	146.190.233.56
5	2	0	2	0	29302093	29302093	0	29302093	29302093	0	4931	192.64.113.146
z	0	1	0	29302093	0
z	2	7	0	29299913	448
z	3	1	1	29299925	447
z	4	10	0	29302093	50190
z	5	4	3	29300057	174636
c	200	23	29302093
c	302	13	29302093
c	404	25	29302973
c	405	1	29300057
c	500	1	29300008
